#Time         gpu    pwr  gtemp  mtemp     sm    mem    enc    dec    jpg    ofa   mclk   pclk     fb   bar1   ccpm 
#HH:MM:SS     Idx      W      C      C      %      %      %      %      %      %    MHz    MHz     MB     MB     MB 
 14:12:08       0     18     42      -      0      0      0      0      0      0    405    180      6      6      0 
 14:12:10       0     21     42      -      0      0      0      0      0      0    405    180      6      6      0 
 14:12:12       0     15     42      -      0      0      0      0      0      0    405    180      6      6      0 
 14:12:14       0     15     42      -      0      0      0      0      0      0    405    180      6      6      0 
 14:12:16       0     15     42      -      0      0      0      0      0      0    405    180      8      6      0 
 14:12:18       0     21     42      -      0      0      0      0      0      0    405    180      8      6      0 
 14:12:20       0     15     42      -      0      0      0      0      0      0    405    180      8      6      0 
 14:12:22       0     15     42      -      0      0      0      0      0      0    405    180      8      6      0 
 14:12:24       0     15     42      -      0      0      0      0      0      0    405    180      8      6      0 
 14:12:26       0     15     42      -      0      0      0      0      0      0    405    180      8      6      0 
 14:12:28       0     15     42      -      0      0      0      0      0      0    405    180      8      6      0 
 14:12:30       0     15     42      -      0      0      0      0      0      0    405    180      8      6      0 
 14:12:32       0     15     42      -      0      0      0      0      0      0    405    180      8      6      0 
 14:12:34       0     15     42      -      0      0      0      0      0      0    405    180      8      6      0 
 14:12:36       0     15     42      -      0      0      0      0      0      0    405    180      8      6      0 
 14:12:38       0     15     42      -      0      1      0      0      0      0    405    180      8      6      0 
 14:12:40       0     15     42      -      0      0      0      0      0      0    405    180      8      6      0 
 14:12:42       0     15     42      -      0      0      0      0      0      0    405    180      8      6      0 
 14:12:44       0     15     42      -      0      0      0      0      0      0    405    180      8      6      0 
 14:12:46       0     15     42      -      0      0      0      0      0      0    405    180      8      6      0 
 14:12:48       0     15     42      -      0      0      0      0      0      0    405    180      8      6      0 
 14:12:50       0     15     42      -      0      0      0      0      0      0    405    180      8      6      0 
 14:12:52       0     16     42      -      0      3      0      0      0      0    405    180      8      6      0 
 14:12:54       0     16     42      -      0      0      0      0      0      0    405    180      8      6      0 
 14:12:56       0     15     42      -      0      0      0      0      0      0    405    180      8      6      0 
 14:12:58       0     15     42      -      0      0      0      0      0      0    405    180      8      6      0 
 14:13:00       0     15     42      -      0      0      0      0      0      0    405    172      8      6      0 
 14:13:02       0     31     43      -     20      3      0      0      0      0  13365   1327   2922      8      0 
 14:13:04       0     99     44      -     39      9      0      0      0      0  13365   2280   9622      8      0 
 14:13:06       0    101     44      -     39      9      0      0      0      0  13365   2310  15924      8      0 
 14:13:08       0     76     44      -      0      0      0      0      0      0  13365   2325  16758      8      0 
 14:13:10       0     72     44      -      0      0      0      0      0      0  13365   2272  16758      8      0 
 14:13:12       0     72     44      -      0      0      0      0      0      0  13365   2272  16758      8      0 
 14:13:14       0     72     45      -      0      0      0      0      0      0  13365   2272  16758      8      0 
 14:13:16       0     72     45      -      0      0      0      0      0      0  13365   2272  16758      8      0 
 14:13:18       0    203     51      -     93     52      0      0      0      0  13365   2092  19826      8      0 
 14:13:20       0    296     51      -     82     46      0      0      0      0  13365   2017  19826      8      0 
 14:13:22       0    301     55      -     93     52      0      0      0      0  13365   1972  19826      8      0 
 14:13:24       0    299     56      -     92     52      0      0      0      0  13365   2070  19826      8      0 
 14:13:26       0    302     57      -     92     57      0      0      0      0  13365   2025  18300      8      0 
 14:13:28       0    299     58      -     93     52      0      0      0      0  13365   2010  19826      8      0 
 14:13:30       0    296     58      -     82     48      0      0      0      0  13365   1995  19826      8      0 
 14:13:32       0    300     61      -     93     52      0      0      0      0  13365   1957  19826      8      0 
 14:13:34       0    299     62      -     89     51      0      0      0      0  13365   2047  19826      8      0 
#Time         gpu    pwr  gtemp  mtemp     sm    mem    enc    dec    jpg    ofa   mclk   pclk     fb   bar1   ccpm 
#HH:MM:SS     Idx      W      C      C      %      %      %      %      %      %    MHz    MHz     MB     MB     MB 
 14:13:36       0    300     63      -     94     51      0      0      0      0  13365   1950  18304      8      0 
 14:13:38       0    299     64      -     90     50      0      0      0      0  13365   1965  19826      8      0 
 14:13:40       0    299     65      -     93     53      0      0      0      0  13365   1972  19826      8      0 
 14:13:42       0    300     66      -     93     51      0      0      0      0  13365   1980  19826      8      0 
 14:13:44       0    299     67      -     90     51      0      0      0      0  13365   2040  19826      8      0 
 14:13:46       0    299     67      -     93     57      0      0      0      0  13365   1965  18304      8      0 
 14:13:48       0    300     68      -     93     56      0      0      0      0  13365   1957  19826      8      0 
 14:13:50       0    299     70      -     92     52      0      0      0      0  13365   1950  19826      8      0 
 14:13:52       0    300     70      -     93     51      0      0      0      0  13365   1942  19826      8      0 
 14:13:54       0    299     71      -     94     52      0      0      0      0  13365   1995  19826      8      0 
 14:13:56       0    299     71      -     90     50      0      0      0      0  13365   1957  18302      8      0 
 14:13:58       0    300     72      -     93     51      0      0      0      0  13365   1950  19826      8      0 
 14:14:00       0    153     68      -      0      0      0      0      0      0  13365   2332  19826      8      0 
 14:14:02       0    301     73      -     93     37      0      0      0      0  13365   2100  76944      8      0 
 14:14:04       0    287     71      -     32     11      0      0      0      0  13365   2107  76978      8      0 
 14:14:06       0    300     75      -     90     45      0      0      0      0  13365   2107  76996      8      0 
 14:14:08       0    300     75      -     91     48      0      0      0      0  13365   2047  76996      8      0 
 14:14:10       0    298     76      -     82     34      0      0      0      0  13365   2100  76996      8      0 
 14:14:12       0    300     76      -     91     39      0      0      0      0  13365   2115  76996      8      0 
 14:14:14       0    272     73      -      0      0      0      0      0      0  13365   2152  76996      8      0 
 14:14:16       0    299     77      -     82     34      0      0      0      0  13365   2100  76996      8      0 
 14:14:18       0    300     77      -     92     39      0      0      0      0  13365   2115  76996      8      0 
 14:14:20       0    300     77      -     93     46      0      0      0      0  13365   2115  76996      8      0 
 14:14:22       0    299     78      -     94     36      0      0      0      0  13365   2025  76996      8      0 
 14:14:25       0    300     78      -     94     36      0      0      0      0  13365   2062  76996      8      0 
 14:14:27       0    300     79      -     94     36      0      0      0      0  13365   2077  76996      8      0 
 14:14:29       0    300     79      -     94     36      0      0      0      0  13365   2010  76996      8      0 
 14:14:31       0    302     79      -     94     36      0      0      0      0  13365   2115  76996      8      0 
 14:14:33       0    300     80      -     94     36      0      0      0      0  13365   2010  76996      8      0 
 14:14:35       0    299     80      -     74     30      0      0      0      0  13365   2017  76996      8      0 
 14:14:37       0    299     80      -     91     40      0      0      0      0  13365   2017  76996      8      0 
 14:14:39       0    300     81      -     92     38      0      0      0      0  13365   2047  76996      8      0 
 14:14:41       0    299     81      -     95     43      0      0      0      0  13365   2062  76996      8      0 
 14:14:43       0    299     81      -     94     35      0      0      0      0  13365   2062  76996      8      0 
 14:14:45       0    300     82      -     93     36      0      0      0      0  13365   2062  76996      8      0 
 14:14:47       0    299     81      -     94     34      0      0      0      0  13365   2047  76996      8      0 
 14:14:49       0    298     82      -     94     35      0      0      0      0  13365   2062  76996      8      0 
 14:14:51       0    299     82      -     82     40      0      0      0      0  13365   1972  76996      8      0 
 14:14:53       0    300     82      -     87     38      0      0      0      0  13365   2070  76996      8      0 
 14:14:55       0    300     82      -     92     38      0      0      0      0  13365   2032  76996      8      0 
 14:14:57       0    300     82      -     94     44      0      0      0      0  13365   2055  76996      8      0 
 14:14:59       0    300     82      -     95     43      0      0      0      0  13365   2055  76996      8      0 
 14:15:01       0    269     82      -     91     40      0      0      0      0  13365   2055  76996      8      0 
 14:15:03       0    299     83      -     94     43      0      0      0      0  13365   2047  76996      8      0 
#Time         gpu    pwr  gtemp  mtemp     sm    mem    enc    dec    jpg    ofa   mclk   pclk     fb   bar1   ccpm 
#HH:MM:SS     Idx      W      C      C      %      %      %      %      %      %    MHz    MHz     MB     MB     MB 
 14:15:05       0    300     83      -     94     35      0      0      0      0  13365   2055  76996      8      0 
 14:15:07       0    300     83      -     94     36      0      0      0      0  13365   2047  76996      8      0 
 14:15:09       0    297     82      -     93     36      0      0      0      0  13365   2055  76996      8      0 
 14:15:11       0    300     84      -     94     35      0      0      0      0  13365   2032  76996      8      0 
 14:15:13       0    300     83      -     94     35      0      0      0      0  13365   2085  76996      8      0 
 14:15:15       0    262     84      -     83     32      0      0      0      0  13365   2242  76996      8      0 
 14:15:17       0    299     84      -     94     36      0      0      0      0  13365   1995  76996      8      0 
 14:15:19       0    299     84      -     83     31      0      0      0      0  13365   1950  76996      8      0 
 14:15:21       0    299     84      -     76     33      0      0      0      0  13365   1987  76996      8      0 
 14:15:23       0    299     84      -     92     38      0      0      0      0  13365   2017  76996      8      0 
 14:15:25       0    299     84      -     93     42      0      0      0      0  13365   2032  76996      8      0 
 14:15:27       0    300     85      -     94     35      0      0      0      0  13365   2040  76996      8      0 
 14:15:29       0    302     84      -     94     35      0      0      0      0  13365   2055  76996      8      0 
 14:15:31       0    308     84      -     94     36      0      0      0      0  13365   2070  76996      8      0 
 14:15:33       0    300     84      -     94     36      0      0      0      0  13365   2047  76996      8      0 
 14:15:35       0    300     84      -     94     36      0      0      0      0  13365   1987  76996      8      0 
 14:15:37       0    299     85      -     92     38      0      0      0      0  13365   2010  76996      8      0 
 14:15:39       0    300     85      -     92     38      0      0      0      0  13365   2032  76996      8      0 
 14:15:41       0    300     85      -     93     41      0      0      0      0  13365   2047  76996      8      0 
 14:15:43       0    300     85      -     95     43      0      0      0      0  13365   2025  76996      8      0 
 14:15:45       0    299     85      -     94     35      0      0      0      0  13365   2040  76996      8      0 
 14:15:47       0    300     85      -     91     39      0      0      0      0  13365   2040  76996      8      0 
 14:15:49       0    300     85      -     93     48      0      0      0      0  13365   1950  76996      8      0 
 14:15:51       0    299     85      -     94     35      0      0      0      0  13365   2040  76996      8      0 
 14:15:53       0    299     85      -     94     35      0      0      0      0  13365   2025  76996      8      0 
 14:15:55       0    299     85      -     77     33      0      0      0      0  13365   1980  76996      8      0 
 14:15:57       0    299     85      -     92     39      0      0      0      0  13365   1972  76996      8      0 
 14:15:59       0    299     85      -     92     38      0      0      0      0  13365   2017  76996      8      0 
 14:16:01       0    266     85      -     21      9      0      0      0      0  13365   2062  76996      8      0 
 14:16:03       0    299     85      -     95     42      0      0      0      0  13365   2025  76996      8      0 
 14:16:05       0    300     86      -     92     47      0      0      0      0  13365   1927  76996      8      0 
 14:16:07       0    302     86      -     94     35      0      0      0      0  13365   2047  76996      8      0 
 14:16:09       0    300     86      -     94     35      0      0      0      0  13365   2047  76996      8      0 
 14:16:11       0    300     85      -     94     35      0      0      0      0  13365   2047  76996      8      0 
 14:16:13       0    299     86      -     94     36      0      0      0      0  13365   2040  76996      8      0 
 14:16:15       0    299     86      -     93     37      0      0      0      0  13365   2047  76996      8      0 
 14:16:17       0    277     86      -     94     36      0      0      0      0  13365   2047  76996      8      0 
 14:16:19       0    300     86      -     94     35      0      0      0      0  13365   2055  76996      8      0 
 14:16:21       0    299     86      -     82     40      0      0      0      0  13365   1942  76996      8      0 
 14:16:23       0    299     86      -     94     44      0      0      0      0  13365   2025  76996      8      0 
 14:16:25       0    300     86      -     95     43      0      0      0      0  13365   2025  76996      8      0 
 14:16:27       0    299     86      -     94     35      0      0      0      0  13365   2025  76996      8      0 
 14:16:29       0    301     86      -     94     35      0      0      0      0  13365   2047  76996      8      0 
 14:16:31       0    266     82      -     91     47      0      0      0      0  13365   2055  76996      8      0 
#Time         gpu    pwr  gtemp  mtemp     sm    mem    enc    dec    jpg    ofa   mclk   pclk     fb   bar1   ccpm 
#HH:MM:SS     Idx      W      C      C      %      %      %      %      %      %    MHz    MHz     MB     MB     MB 
 14:16:33       0    299     86      -     93     36      0      0      0      0  13365   2092  76996      8      0 
 14:16:35       0    299     86      -     93     35      0      0      0      0  13365   2055  76996      8      0 
 14:16:37       0    299     86      -     74     38      0      0      0      0  13365   1965  76996      8      0 
 14:16:39       0    300     86      -     83     33      0      0      0      0  13365   1912  76996      8      0 
 14:16:41       0    299     86      -     93     44      0      0      0      0  13365   2017  76996      8      0 
 14:16:43       0    299     86      -     95     43      0      0      0      0  13365   2017  76996      8      0 
 14:16:45       0    300     86      -     95     38      0      0      0      0  13365   2010  76996      8      0 
 14:16:47       0    267     86      -     94     36      0      0      0      0  13365   2032  76996      8      0 
 14:16:49       0    300     86      -     93     36      0      0      0      0  13365   2055  76996      8      0 
 14:16:51       0    299     86      -     94     35      0      0      0      0  13365   2017  76996      8      0 
 14:16:53       0    297     85      -     83     32      0      0      0      0  13365   2025  76996      8      0 
 14:16:55       0    298     86      -     74     32      0      0      0      0  13365   2025  76996      8      0 
 14:16:57       0    300     85      -     94     44      0      0      0      0  13365   2040  76996      8      0 
 14:16:59       0    300     86      -     95     43      0      0      0      0  13365   2062  76996      8      0 
 14:17:01       0    277     83      -      0      0      0      0      0      0  13365   2025  76996      8      0 
 14:17:03       0    300     86      -     91     47      0      0      0      0  13365   1965  76996      8      0 
 14:17:05       0    299     86      -     94     36      0      0      0      0  13365   2025  76996      8      0 
 14:17:07       0    299     86      -     94     36      0      0      0      0  13365   2017  76996      8      0 
 14:17:09       0    299     86      -     93     36      0      0      0      0  13365   2032  76996      8      0 
 14:17:11       0    300     86      -     94     35      0      0      0      0  13365   2032  76996      8      0 
 14:17:13       0    299     87      -     87     32      0      0      0      0  13365   2032  76996      8      0 
 14:17:15       0    298     86      -     83     34      0      0      0      0  13365   2010  76996      8      0 
 14:17:17       0    266     86      -     76     33      0      0      0      0  13365   2025  76996      8      0 
 14:17:19       0    300     87      -     94     44      0      0      0      0  13365   2047  76996      8      0 
 14:17:21       0    299     86      -     94     44      0      0      0      0  13365   2032  76996      8      0 
 14:17:23       0    299     87      -     93     36      0      0      0      0  13365   1950  76996      8      0 
 14:17:25       0    299     87      -     93     36      0      0      0      0  13365   1950  76996      8      0 
 14:17:27       0    300     86      -     93     35      0      0      0      0  13365   1957  76996      8      0 
 14:17:29       0    299     87      -     93     37      0      0      0      0  13365   1965  76996      8      0 
 14:17:31       0    300     87      -     94     35      0      0      0      0  13365   1957  76996      8      0 
 14:17:33       0    306     87      -     94     35      0      0      0      0  13365   1972  76996      8      0 
 14:17:35       0    299     87      -     94     35      0      0      0      0  13365   1957  76996      8      0 
 14:17:37       0    299     87      -     93     36      0      0      0      0  13365   1950  76996      8      0 
 14:17:39       0    300     87      -     93     36      0      0      0      0  13365   1950  76996      8      0 
 14:17:41       0    299     87      -     93     36      0      0      0      0  13365   1935  76996      8      0 
 14:17:43       0    299     87      -     93     36      0      0      0      0  13365   1935  76996      8      0 
 14:17:45       0    300     87      -     93     35      0      0      0      0  13365   1950  76996      8      0 
 14:17:47       0    299     87      -     93     36      0      0      0      0  13365   1942  76996      8      0 
 14:17:49       0    304     86      -     94     42      0      0      0      0  13365   2032  76996      8      0 
 14:17:51       0    300     86      -     91     47      0      0      0      0  13365   2032  76996      8      0 
 14:17:53       0    299     87      -     93     36      0      0      0      0  13365   1957  76996      8      0 
 14:17:55       0    299     86      -     93     35      0      0      0      0  13365   1965  76996      8      0 
 14:17:57       0    299     87      -     94     35      0      0      0      0  13365   1972  76996      8      0 
 14:17:59       0    299     87      -     93     36      0      0      0      0  13365   1980  76996      8      0 
#Time         gpu    pwr  gtemp  mtemp     sm    mem    enc    dec    jpg    ofa   mclk   pclk     fb   bar1   ccpm 
#HH:MM:SS     Idx      W      C      C      %      %      %      %      %      %    MHz    MHz     MB     MB     MB 
 14:18:01       0    300     86      -     91     47      0      0      0      0  13365   1935  76996      8      0 
 14:18:03       0    300     87      -     92     39      0      0      0      0  13365   1942  76996      8      0 
 14:18:05       0    299     87      -     94     36      0      0      0      0  13365   2017  76996      8      0 
 14:18:07       0    300     87      -     93     35      0      0      0      0  13365   2025  76996      8      0 
 14:18:09       0    300     87      -     93     35      0      0      0      0  13365   2025  76996      8      0 
 14:18:11       0    299     87      -     84     32      0      0      0      0  13365   2017  76996      8      0 
 14:18:13       0    299     86      -     93     48      0      0      0      0  13365   2070  76996      8      0 
 14:18:15       0    299     87      -     94     35      0      0      0      0  13365   1942  76996      8      0 
 14:18:17       0    299     86      -     94     35      0      0      0      0  13365   1942  76996      8      0 
 14:18:19       0    268     87      -     94     40      0      0      0      0  13365   2287  76996      8      0 
 14:18:21       0    299     87      -     94     35      0      0      0      0  13365   2010  76996      8      0 
 14:18:23       0    299     87      -     94     35      0      0      0      0  13365   1972  76996      8      0 
 14:18:25       0    299     86      -     93     37      0      0      0      0  13365   1965  76996      8      0 
 14:18:27       0    300     86      -     91     47      0      0      0      0  13365   1912  76996      8      0 
 14:18:29       0    299     87      -     94     35      0      0      0      0  13365   2010  76996      8      0 
 14:18:31       0    300     86      -     91     46      0      0      0      0  13365   1912  76996      8      0 
 14:18:33       0    299     86      -     93     36      0      0      0      0  13365   1942  76996      8      0 
 14:18:35       0    292     86      -     92     39      0      0      0      0  13365   2062  76996      8      0 
 14:18:37       0    299     86      -     94     35      0      0      0      0  13365   1935  76996      8      0 
 14:18:39       0    300     86      -     91     47      0      0      0      0  13365   1920  76996      8      0 
 14:18:41       0    300     86      -     94     35      0      0      0      0  13365   2010  76996      8      0 
 14:18:43       0    300     86      -     94     35      0      0      0      0  13365   2017  76996      8      0 
 14:18:45       0    299     86      -     94     35      0      0      0      0  13365   2017  76996      8      0 
 14:18:47       0    299     86      -     94     35      0      0      0      0  13365   2010  76996      8      0 
 14:18:49       0    300     86      -     91     39      0      0      0      0  13365   1927  76996      8      0 
 14:18:51       0    299     86      -     93     36      0      0      0      0  13365   2025  76996      8      0 
 14:18:53       0    300     86      -     93     36      0      0      0      0  13365   2032  76996      8      0 
 14:18:55       0    299     86      -     94     35      0      0      0      0  13365   2025  76996      8      0 
 14:18:57       0    299     86      -     94     36      0      0      0      0  13365   2025  76996      8      0 
 14:18:59       0    299     86      -     91     39      0      0      0      0  13365   2070  76996      8      0 
 14:19:02       0    300     86      -     91     43      0      0      0      0  13365   2047  76996      8      0 
 14:19:04       0    299     86      -     93     37      0      0      0      0  13365   1972  76996      8      0 
 14:19:06       0    262     82      -      0      0      0      0      0      0  13365   2100  76996      8      0 
 14:19:08       0    300     86      -     93     43      0      0      0      0  13365   2010  76996      8      0 
 14:19:10       0    299     86      -     95     43      0      0      0      0  13365   2017  76996      8      0 
 14:19:12       0    299     86      -     95     39      0      0      0      0  13365   2025  76996      8      0 
 14:19:14       0    300     86      -     94     35      0      0      0      0  13365   2032  76996      8      0 
 14:19:16       0    299     86      -     94     35      0      0      0      0  13365   2017  76996      8      0 
 14:19:18       0    299     86      -     93     36      0      0      0      0  13365   2032  76996      8      0 
 14:19:20       0    300     86      -     94     35      0      0      0      0  13365   2040  76996      8      0 
 14:19:22       0    309     86      -     91     47      0      0      0      0  13365   1957  76996      8      0 
 14:19:24       0    300     85      -     84     32      0      0      0      0  13365   1912  76996      8      0 
 14:19:26       0    296     84      -     93     36      0      0      0      0  13365   2032  76996      8      0 
 14:19:28       0    299     86      -     94     35      0      0      0      0  13365   2025  76996      8      0 
#Time         gpu    pwr  gtemp  mtemp     sm    mem    enc    dec    jpg    ofa   mclk   pclk     fb   bar1   ccpm 
#HH:MM:SS     Idx      W      C      C      %      %      %      %      %      %    MHz    MHz     MB     MB     MB 
 14:19:30       0    299     86      -     93     36      0      0      0      0  13365   2025  76996      8      0 
 14:19:32       0    299     86      -     94     36      0      0      0      0  13365   2025  76996      8      0 
 14:19:34       0    301     85      -     91     47      0      0      0      0  13365   2025  76996      8      0 
 14:19:36       0    267     85      -     90     44      0      0      0      0  13365   2265  76996      8      0 
 14:19:38       0    300     85      -     90     44      0      0      0      0  13365   1920  76996      8      0 
 14:19:40       0    299     85      -     94     35      0      0      0      0  13365   2040  76996      8      0 
 14:19:42       0    300     85      -     94     35      0      0      0      0  13365   2025  76996      8      0 
 14:19:44       0    300     85      -     91     47      0      0      0      0  13365   1987  76996      8      0 
 14:19:46       0    300     86      -     93     36      0      0      0      0  13365   2055  76996      8      0 
 14:19:48       0    300     86      -     93     35      0      0      0      0  13365   2055  76996      8      0 
 14:19:50       0    300     85      -     94     36      0      0      0      0  13365   2040  76996      8      0 
 14:19:52       0    269     86      -     93     36      0      0      0      0  13365   2032  76996      8      0 
 14:19:54       0    303     85      -     94     35      0      0      0      0  13365   2047  76996      8      0 
 14:19:56       0    300     86      -     93     36      0      0      0      0  13365   2062  76996      8      0 
 14:19:58       0    300     85      -     93     36      0      0      0      0  13365   2055  76996      8      0 
 14:20:00       0    300     85      -     94     35      0      0      0      0  13365   2055  76996      8      0 
 14:20:02       0    299     86      -     87     46      0      0      0      0  13365   1942  76996      8      0 
 14:20:04       0    299     85      -     83     32      0      0      0      0  13365   1950  76996      8      0 
 14:20:06       0    299     85      -     91     39      0      0      0      0  13365   2032  76996      8      0 
 14:20:08       0    300     85      -     82     34      0      0      0      0  13365   1972  76996      8      0 
 14:20:10       0    299     85      -     82     34      0      0      0      0  13365   1965  76996      8      0 
 14:20:12       0    299     85      -     95     43      0      0      0      0  13365   2032  76996      8      0 
 14:20:14       0    299     85      -     94     39      0      0      0      0  13365   2032  76996      8      0 
 14:20:16       0    300     85      -     94     35      0      0      0      0  13365   2025  76996      8      0 
 14:20:18       0    300     85      -     91     47      0      0      0      0  13365   1972  76996      8      0 
 14:20:20       0    300     86      -     93     35      0      0      0      0  13365   2077  76996      8      0 
 14:20:22       0    269     82      -     91     47      0      0      0      0  13365   2062  76996      8      0 
 14:20:24       0    299     85      -     91     47      0      0      0      0  13365   1972  76996      8      0 
 14:20:26       0    300     85      -     91     35      0      0      0      0  13365   1950  76996      8      0 
 14:20:28       0    299     85      -     74     29      0      0      0      0  13365   1965  76996      8      0 
 14:20:30       0    300     85      -     82     34      0      0      0      0  13365   1980  76996      8      0 
 14:20:32       0    299     85      -     78     34      0      0      0      0  13365   1972  76996      8      0 
 14:20:34       0    299     85      -     91     40      0      0      0      0  13365   1980  76996      8      0 
 14:20:36       0    299     85      -     94     36      0      0      0      0  13365   2032  76996      8      0 
 14:20:38       0    268     85      -      0      0      0      0      0      0  13365   2130  76996      8      0 
 14:20:40       0    299     85      -     94     36      0      0      0      0  13365   2032  76996      8      0 
 14:20:42       0    299     85      -     93     35      0      0      0      0  13365   2040  76996      8      0 
 14:20:44       0    299     85      -     94     36      0      0      0      0  13365   2025  76996      8      0 
 14:20:46       0    302     85      -     91     47      0      0      0      0  13365   2002  76996      8      0 
 14:20:48       0    300     85      -     94     36      0      0      0      0  13365   2055  76996      8      0 
 14:20:50       0    300     85      -     94     36      0      0      0      0  13365   2017  76996      8      0 
 14:20:52       0    299     85      -     94     44      0      0      0      0  13365   2040  76996      8      0 
 14:20:54       0    300     85      -     94     35      0      0      0      0  13365   1965  76996      8      0 
 14:20:56       0    299     85      -     93     36      0      0      0      0  13365   1987  76996      8      0 
#Time         gpu    pwr  gtemp  mtemp     sm    mem    enc    dec    jpg    ofa   mclk   pclk     fb   bar1   ccpm 
#HH:MM:SS     Idx      W      C      C      %      %      %      %      %      %    MHz    MHz     MB     MB     MB 
 14:20:58       0    299     85      -     93     35      0      0      0      0  13365   2017  76996      8      0 
 14:21:00       0    299     85      -     93     36      0      0      0      0  13365   2010  76996      8      0 
 14:21:02       0    299     85      -     94     35      0      0      0      0  13365   2025  76996      8      0 
 14:21:04       0    299     85      -     93     36      0      0      0      0  13365   2040  76996      8      0 
 14:21:06       0    299     85      -     72     33      0      0      0      0  13365   2032  76996      8      0 
 14:21:08       0    290     83      -     28     12      0      0      0      0  13365   2047  76996      8      0 
 14:21:10       0    301     86      -     91     40      0      0      0      0  13365   2040  76996      8      0 
 14:21:12       0    302     85      -     92     39      0      0      0      0  13365   2047  76996      8      0 
 14:21:14       0    299     85      -     91     39      0      0      0      0  13365   2070  76996      8      0 
 14:21:16       0    299     85      -     94     35      0      0      0      0  13365   1980  76996      8      0 
 14:21:18       0    299     85      -     94     35      0      0      0      0  13365   2002  76996      8      0 
 14:21:20       0    299     85      -     93     36      0      0      0      0  13365   2055  76996      8      0 
 14:21:22       0    300     85      -     93     36      0      0      0      0  13365   2055  76996      8      0 
 14:21:24       0    270     84      -     91     48      0      0      0      0  13365   2017  76996      8      0 
 14:21:26       0    299     85      -     82     40      0      0      0      0  13365   1942  76996      8      0 
 14:21:28       0    300     85      -     82     35      0      0      0      0  13365   1980  76996      8      0 
 14:21:30       0    298     85      -     93     51      0      0      0      0  13365   1957  76996      8      0 
 14:21:32       0    298     86      -     93     35      0      0      0      0  13365   2025  76996      8      0 
 14:21:34       0    300     86      -     93     35      0      0      0      0  13365   2040  76996      8      0 
 14:21:36       0    300     85      -     91     47      0      0      0      0  13365   2040  76996      8      0 
 14:21:38       0    299     85      -     94     35      0      0      0      0  13365   2025  76996      8      0 
 14:21:40       0    300     85      -     93     36      0      0      0      0  13365   2077  76996      8      0 
 14:21:42       0    299     85      -     91     47      0      0      0      0  13365   1957  76996      8      0 
 14:21:44       0    299     85      -     93     36      0      0      0      0  13365   1972  76996      8      0 
 14:21:46       0    299     85      -     93     36      0      0      0      0  13365   1950  76996      8      0 
 14:21:48       0    299     85      -     92     38      0      0      0      0  13365   2025  76996      8      0 
 14:21:50       0    299     85      -     93     45      0      0      0      0  13365   2032  76996      8      0 
 14:21:52       0    300     85      -     94     44      0      0      0      0  13365   2077  76996      8      0 
 14:21:54       0    270     85      -     75     36      0      0      0      0  13365   2047  76996      8      0 
 14:21:56       0    300     86      -     94     35      0      0      0      0  13365   2032  76996      8      0 
 14:21:58       0    301     86      -     93     36      0      0      0      0  13365   2047  76996      8      0 
 14:22:00       0    302     85      -     94     35      0      0      0      0  13365   2047  76996      8      0 
 14:22:02       0    299     85      -     94     35      0      0      0      0  13365   1980  76996      8      0 
 14:22:04       0    299     85      -     93     36      0      0      0      0  13365   1965  76996      8      0 
 14:22:06       0    299     85      -     93     36      0      0      0      0  13365   1965  76996      8      0 
 14:22:08       0    300     85      -     94     35      0      0      0      0  13365   1957  76996      8      0 
 14:22:10       0    289     85      -     93     35      0      0      0      0  13365   2055  76996      8      0 
 14:22:12       0    299     85      -     93     36      0      0      0      0  13365   2040  76996      8      0 
 14:22:14       0    299     85      -     93     36      0      0      0      0  13365   2047  76996      8      0 
 14:22:16       0    299     85      -     94     36      0      0      0      0  13365   2040  76996      8      0 
 14:22:18       0    299     85      -     93     36      0      0      0      0  13365   2032  76996      8      0 
 14:22:20       0    299     85      -     93     37      0      0      0      0  13365   1980  76996      8      0 
 14:22:22       0    300     85      -     94     35      0      0      0      0  13365   1927  76996      8      0 
 14:22:24       0    299     86      -     92     38      0      0      0      0  13365   2017  76996      8      0 
#Time         gpu    pwr  gtemp  mtemp     sm    mem    enc    dec    jpg    ofa   mclk   pclk     fb   bar1   ccpm 
#HH:MM:SS     Idx      W      C      C      %      %      %      %      %      %    MHz    MHz     MB     MB     MB 
 14:22:26       0    301     85      -     92     38      0      0      0      0  13365   2017  76996      8      0 
 14:22:28       0    299     85      -     93     35      0      0      0      0  13365   2032  76996      8      0 
 14:22:30       0    302     85      -     91     47      0      0      0      0  13365   2040  76996      8      0 
 14:22:32       0    299     85      -     92     35      0      0      0      0  13365   1942  76996      8      0 
 14:22:34       0    300     85      -     74     29      0      0      0      0  13365   1942  76996      8      0 
 14:22:36       0    300     85      -     82     34      0      0      0      0  13365   1965  76996      8      0 
 14:22:38       0    299     85      -     95     42      0      0      0      0  13365   2025  76996      8      0 
 14:22:40       0    299     85      -     94     36      0      0      0      0  13365   2032  76996      8      0 
 14:22:42       0    299     85      -     94     35      0      0      0      0  13365   2017  76996      8      0 
 14:22:44       0    300     85      -     93     36      0      0      0      0  13365   2032  76996      8      0 
 14:22:46       0    300     85      -     93     36      0      0      0      0  13365   2032  76996      8      0 
 14:22:48       0    300     86      -     93     36      0      0      0      0  13365   2032  76996      8      0 
 14:22:50       0    299     86      -     93     36      0      0      0      0  13365   2032  76996      8      0 
 14:22:52       0    300     86      -     93     36      0      0      0      0  13365   1965  76996      8      0 
 14:22:54       0    302     86      -     94     36      0      0      0      0  13365   2025  76996      8      0 
 14:22:56       0    293     83      -     93     35      0      0      0      0  13365   2047  76996      8      0 
 14:22:58       0    299     85      -     94     35      0      0      0      0  13365   2025  76996      8      0 
 14:23:00       0    300     86      -     93     35      0      0      0      0  13365   2040  76996      8      0 
 14:23:02       0    299     85      -     93     35      0      0      0      0  13365   2025  76996      8      0 
 14:23:04       0    298     85      -     94     36      0      0      0      0  13365   2017  76996      8      0 
 14:23:06       0    298     85      -     93     36      0      0      0      0  13365   2032  76996      8      0 
 14:23:08       0    300     85      -     94     36      0      0      0      0  13365   2032  76996      8      0 
 14:23:10       0    300     85      -     83     32      0      0      0      0  13365   1957  76996      8      0 
 14:23:12       0    305     85      -     81     36      0      0      0      0  13365   1965  76996      8      0 
 14:23:14       0    299     85      -     94     43      0      0      0      0  13365   2032  76996      8      0 
 14:23:16       0    299     85      -     95     42      0      0      0      0  13365   2032  76996      8      0 
 14:23:19       0    299     86      -     95     42      0      0      0      0  13365   2017  76996      8      0 
 14:23:21       0    300     85      -     94     36      0      0      0      0  13365   2025  76996      8      0 
 14:23:23       0    300     86      -     94     36      0      0      0      0  13365   2032  76996      8      0 
 14:23:25       0    300     86      -     91     47      0      0      0      0  13365   2002  76996      8      0 
 14:23:27       0    300     86      -     94     35      0      0      0      0  13365   2047  76996      8      0 
 14:23:29       0    302     85      -     94     35      0      0      0      0  13365   2085  76996      8      0 
 14:23:31       0    299     85      -     93     37      0      0      0      0  13365   2032  76996      8      0 
 14:23:33       0    300     86      -     82     34      0      0      0      0  13365   2040  76996      8      0 
 14:23:35       0    300     86      -     91     39      0      0      0      0  13365   2032  76996      8      0 
 14:23:37       0    299     85      -     95     41      0      0      0      0  13365   2010  76996      8      0 
 14:23:39       0    299     85      -     93     36      0      0      0      0  13365   2032  76996      8      0 
 14:23:41       0    299     85      -     94     35      0      0      0      0  13365   2010  76996      8      0 
 14:23:43       0    279     86      -     92     38      0      0      0      0  13365   2055  76996      8      0 
 14:23:45       0    300     85      -     92     38      0      0      0      0  13365   2055  76996      8      0 
 14:23:47       0    300     86      -     92     39      0      0      0      0  13365   2062  76996      8      0 
 14:23:49       0    300     85      -     94     44      0      0      0      0  13365   2055  76996      8      0 
 14:23:51       0    299     85      -     94     43      0      0      0      0  13365   2040  76996      8      0 
 14:23:53       0    299     85      -     95     42      0      0      0      0  13365   2040  76996      8      0 
#Time         gpu    pwr  gtemp  mtemp     sm    mem    enc    dec    jpg    ofa   mclk   pclk     fb   bar1   ccpm 
#HH:MM:SS     Idx      W      C      C      %      %      %      %      %      %    MHz    MHz     MB     MB     MB 
 14:23:55       0    299     86      -     94     35      0      0      0      0  13365   2025  76996      8      0 
 14:23:57       0    300     85      -     91     47      0      0      0      0  13365   1965  76996      8      0 
 14:23:59       0    306     85      -     93     36      0      0      0      0  13365   1980  76996      8      0 
 14:24:01       0    300     85      -     91     47      0      0      0      0  13365   1927  76996      8      0 
 14:24:03       0    299     86      -     93     35      0      0      0      0  13365   2010  76996      8      0 
 14:24:05       0    299     85      -     93     36      0      0      0      0  13365   2017  76996      8      0 
 14:24:07       0    300     85      -     93     36      0      0      0      0  13365   2032  76996      8      0 
 14:24:09       0    300     86      -     94     35      0      0      0      0  13365   2017  76996      8      0 
 14:24:11       0    299     86      -     94     35      0      0      0      0  13365   2017  76996      8      0 
 14:24:13       0    300     86      -     93     35      0      0      0      0  13365   2032  76996      8      0 
 14:24:15       0    300     86      -     93     35      0      0      0      0  13365   1987  76996      8      0 
 14:24:17       0    299     85      -     94     36      0      0      0      0  13365   2010  76996      8      0 
 14:24:19       0    300     86      -     93     35      0      0      0      0  13365   2025  76996      8      0 
 14:24:21       0    300     85      -     94     35      0      0      0      0  13365   2010  76996      8      0 
 14:24:23       0    299     85      -     94     35      0      0      0      0  13365   2017  76996      8      0 
 14:24:25       0    299     86      -     93     36      0      0      0      0  13365   2032  76996      8      0 
 14:24:27       0    298     86      -     73     31      0      0      0      0  13365   2032  76996      8      0 
 14:24:29       0    300     86      -     91     39      0      0      0      0  13365   2025  76996      8      0 
 14:24:31       0    300     86      -     90     44      0      0      0      0  13365   1972  76996      8      0 
 14:24:33       0    299     85      -     94     35      0      0      0      0  13365   2025  76996      8      0 
 14:24:35       0    299     85      -     94     36      0      0      0      0  13365   2010  76996      8      0 
 14:24:37       0    299     85      -     93     36      0      0      0      0  13365   1980  76996      8      0 
 14:24:39       0    300     85      -     91     47      0      0      0      0  13365   1942  76996      8      0 
 14:24:41       0    300     85      -     91     47      0      0      0      0  13365   1950  76996      8      0 
 14:24:43       0    300     85      -     91     39      0      0      0      0  13365   1980  76996      8      0 
 14:24:45       0    268     82      -      0      0      0      0      0      0  13365   2100  76996      8      0 
 14:24:47       0    299     85      -     88     33      0      0      0      0  13365   2032  76996      8      0 
 14:24:49       0    299     86      -     92     39      0      0      0      0  13365   2062  76996      8      0 
 14:24:51       0    300     86      -     92     38      0      0      0      0  13365   2062  76996      8      0 
 14:24:53       0    300     85      -     94     44      0      0      0      0  13365   2047  76996      8      0 
 14:24:55       0    300     85      -     94     44      0      0      0      0  13365   2047  76996      8      0 
 14:24:57       0    300     85      -     94     44      0      0      0      0  13365   2040  76996      8      0 
 14:24:59       0    299     85      -     95     42      0      0      0      0  13365   2032  76996      8      0 
 14:25:01       0    293     85      -     94     35      0      0      0      0  13365   2017  76996      8      0 
 14:25:03       0    300     85      -     93     36      0      0      0      0  13365   1972  76996      8      0 
 14:25:05       0    299     86      -     94     35      0      0      0      0  13365   1965  76996      8      0 
 14:25:07       0    299     85      -     93     37      0      0      0      0  13365   1965  76996      8      0 
 14:25:09       0    299     85      -     93     37      0      0      0      0  13365   1957  76996      8      0 
 14:25:11       0    299     85      -     93     36      0      0      0      0  13365   1957  76996      8      0 
 14:25:13       0    299     85      -     93     36      0      0      0      0  13365   1950  76996      8      0 
 14:25:15       0    299     86      -     93     36      0      0      0      0  13365   1965  76996      8      0 
 14:25:17       0    302     85      -     94     35      0      0      0      0  13365   2002  76996      8      0 
 14:25:19       0    299     85      -     93     37      0      0      0      0  13365   1980  76996      8      0 
 14:25:21       0    300     85      -     94     35      0      0      0      0  13365   1957  76996      8      0 
#Time         gpu    pwr  gtemp  mtemp     sm    mem    enc    dec    jpg    ofa   mclk   pclk     fb   bar1   ccpm 
#HH:MM:SS     Idx      W      C      C      %      %      %      %      %      %    MHz    MHz     MB     MB     MB 
 14:25:23       0    299     85      -     94     35      0      0      0      0  13365   2002  76996      8      0 
 14:25:25       0    300     86      -     94     35      0      0      0      0  13365   2017  76996      8      0 
 14:25:27       0    298     85      -     81     39      0      0      0      0  13365   1935  76996      8      0 
 14:25:29       0    298     85      -     74     30      0      0      0      0  13365   2040  76996      8      0 
 14:25:31       0    298     86      -     82     33      0      0      0      0  13365   2025  76996      8      0 
 14:25:33       0    300     85      -     94     35      0      0      0      0  13365   2025  76996      8      0 
 14:25:35       0    300     85      -     94     44      0      0      0      0  13365   2040  76996      8      0 
 14:25:37       0    299     85      -     95     42      0      0      0      0  13365   2055  76996      8      0 
 14:25:39       0    299     85      -     94     35      0      0      0      0  13365   2032  76996      8      0 
 14:25:41       0    299     85      -     94     35      0      0      0      0  13365   2010  76996      8      0 
 14:25:43       0    299     86      -     94     35      0      0      0      0  13365   1972  76996      8      0 
 14:25:45       0    299     86      -     93     36      0      0      0      0  13365   1972  76996      8      0 
 14:25:47       0    268     85      -     91     41      0      0      0      0  13365   2055  76996      8      0 
 14:25:49       0    299     85      -     94     44      0      0      0      0  13365   2025  76996      8      0 
 14:25:51       0    299     85      -     93     51      0      0      0      0  13365   1942  76996      8      0 
 14:25:53       0    299     86      -     93     36      0      0      0      0  13365   2032  76996      8      0 
 14:25:55       0    300     85      -     91     47      0      0      0      0  13365   2025  76996      8      0 
 14:25:57       0    300     85      -     82     34      0      0      0      0  13365   1965  76996      8      0 
 14:25:59       0    300     85      -     90     44      0      0      0      0  13365   1920  76996      8      0 
 14:26:01       0    300     86      -     91     47      0      0      0      0  13365   1935  76996      8      0 
 14:26:03       0    300     85      -     93     36      0      0      0      0  13365   2032  76996      8      0 
 14:26:05       0    300     85      -     94     36      0      0      0      0  13365   2032  76996      8      0 
 14:26:07       0    297     84      -     93     35      0      0      0      0  13365   2032  76996      8      0 
 14:26:09       0    298     85      -     93     35      0      0      0      0  13365   2032  76996      8      0 
 14:26:11       0    300     85      -     94     35      0      0      0      0  13365   2085  76996      8      0 
 14:26:13       0    300     85      -     82     34      0      0      0      0  13365   1920  76996      8      0 
 14:26:15       0    299     85      -     92     39      0      0      0      0  13365   2032  76996      8      0 
 14:26:17       0    271     85      -      0      0      0      0      0      0  13365   2055  76996      8      0 
 14:26:19       0    299     85      -     85     37      0      0      0      0  13365   1965  76996      8      0 
 14:26:21       0    300     85      -     91     39      0      0      0      0  13365   2002  76996      8      0 
 14:26:23       0    300     85      -     90     44      0      0      0      0  13365   1935  76996      8      0 
 14:26:25       0    301     85      -     91     47      0      0      0      0  13365   2025  76996      8      0 
 14:26:27       0    299     85      -     93     36      0      0      0      0  13365   2025  76996      8      0 
 14:26:29       0    299     85      -     94     35      0      0      0      0  13365   1980  76996      8      0 
 14:26:31       0    300     86      -     94     35      0      0      0      0  13365   1957  76996      8      0 
 14:26:33       0    303     86      -     93     36      0      0      0      0  13365   2055  76996      8      0 
 14:26:35       0    300     85      -     93     36      0      0      0      0  13365   2040  76996      8      0 
 14:26:37       0    299     85      -     93     36      0      0      0      0  13365   2032  76996      8      0 
 14:26:39       0    300     85      -     94     35      0      0      0      0  13365   2002  76996      8      0 
 14:26:41       0    299     86      -     91     40      0      0      0      0  13365   1980  76996      8      0 
 14:26:43       0    299     86      -     91     39      0      0      0      0  13365   1987  76996      8      0 
 14:26:45       0    299     85      -     92     39      0      0      0      0  13365   2010  76996      8      0 
 14:26:47       0    300     85      -     92     39      0      0      0      0  13365   2017  76996      8      0 
 14:26:49       0    299     85      -     92     38      0      0      0      0  13365   2025  76996      8      0 
#Time         gpu    pwr  gtemp  mtemp     sm    mem    enc    dec    jpg    ofa   mclk   pclk     fb   bar1   ccpm 
#HH:MM:SS     Idx      W      C      C      %      %      %      %      %      %    MHz    MHz     MB     MB     MB 
 14:26:51       0    115     80      -      0      0      0      0      0      0  13365   2332  76996      8      0 
 14:26:53       0    110     79      -      0      0      0      0      0      0  13365   2272  76996      8      0 
 14:26:55       0    300     83      -     91     40      0      0      0      0  13365   1995  75490      8      0 
 14:26:57       0    299     84      -     91     45      0      0      0      0  13365   1980  75490      8      0 
 14:26:59       0    300     84      -     92     39      0      0      0      0  13365   2040  75490      8      0 
 14:27:01       0    300     84      -     89     40      0      0      0      0  13365   2025  75490      8      0 
 14:27:03       0    300     84      -     92     39      0      0      0      0  13365   1980  75490      8      0 
 14:27:05       0    299     84      -     90     40      0      0      0      0  13365   1972  75490      8      0 
 14:27:07       0    299     84      -     92     39      0      0      0      0  13365   1972  75490      8      0 
 14:27:09       0    300     85      -     92     38      0      0      0      0  13365   1965  75490      8      0 
 14:27:11       0    299     85      -     88     40      0      0      0      0  13365   1980  72526      8      0 
 14:27:13       0    299     85      -     92     39      0      0      0      0  13365   1987  72522      8      0 
 14:27:15       0    299     85      -     82     38      0      0      0      0  13365   1980  75490      8      0 
 14:27:17       0    299     85      -     91     38      0      0      0      0  13365   2002  75490      8      0 
 14:27:19       0    299     85      -     88     45      0      0      0      0  13365   2032  75490      8      0 
 14:27:21       0    300     85      -     90     39      0      0      0      0  13365   2025  75490      8      0 
 14:27:23       0    300     85      -     92     39      0      0      0      0  13365   2002  75490      8      0 
 14:27:25       0    300     85      -     89     40      0      0      0      0  13365   1980  75490      8      0 
 14:27:27       0    299     85      -     92     39      0      0      0      0  13365   1980  75490      8      0 
 14:27:29       0    213     81      -     92     38      0      0      0      0  13365   2332  72238      8      0 
 14:27:31       0    110     79      -      0      0      0      0      0      0  13365   2272      6      6      0 
